# Generated by Log[com.rapidminer.datatable.SimpleDataTable]
# criterio	MaxDeph	iters	perf	minHoja
gini_index	0.0	3.0	0.31101511879049676	0.0
accuracy	0.0	5.0	0.6090712742980562	0.0
information_gain	0.0	2.0	0.31101511879049676	0.0
gini_index	0.0	7.0	0.49676025917926564	0.0
information_gain	0.0	6.0	0.48596112311015116	0.0
gain_ratio	0.0	1.0	0.5248380129589633	0.0
gain_ratio	0.0	4.0	0.5032397408207343	0.0
gini_index	0.0	10.0	0.31101511879049676	0.0
accuracy	0.0	8.0	0.5766738660907127	0.0
gain_ratio	0.0	9.0	0.5075593952483801	0.0
information_gain	0.0	14.0	0.4146868250539957	0.0
accuracy	0.0	15.0	0.3347732181425486	0.0
accuracy	0.0	11.0	0.6047516198704104	0.0
information_gain	0.0	13.0	0.5010799136069114	0.0
gini_index	0.0	12.0	0.5680345572354212	0.0
gain_ratio	0.0	16.0	0.5593952483801296	0.0
information_gain	0.0	17.0	0.531317494600432	0.0
gini_index	0.0	18.0	0.31101511879049676	0.0
gain_ratio	0.0	19.0	0.34773218142548595	0.0
accuracy	0.0	22.0	0.593952483801296	0.0
gain_ratio	0.0	20.0	0.5032397408207343	0.0
information_gain	0.0	23.0	0.31101511879049676	0.0
gini_index	0.0	24.0	0.31101511879049676	0.0
accuracy	0.0	25.0	0.5615550755939525	0.0
information_gain	0.0	26.0	0.31101511879049676	0.0
accuracy	0.0	21.0	0.5637149028077754	0.0
gini_index	0.0	28.0	0.31101511879049676	0.0
gini_index	0.0	29.0	0.31101511879049676	0.0
accuracy	0.0	30.0	0.5766738660907127	0.0
information_gain	0.0	35.0	0.31101511879049676	0.0
gini_index	0.0	32.0	0.31101511879049676	0.0
gain_ratio	0.0	33.0	0.5269978401727862	0.0
accuracy	0.0	34.0	0.4816414686825054	0.0
gain_ratio	0.0	31.0	0.5421166306695464	0.0
accuracy	0.0	38.0	0.31101511879049676	0.0
gain_ratio	0.0	27.0	0.5356371490280778	0.0
gain_ratio	0.0	39.0	0.42332613390928725	0.0
information_gain	0.0	41.0	0.31101511879049676	0.0
information_gain	0.0	37.0	0.31101511879049676	0.0
gain_ratio	0.0	42.0	0.31317494600431967	0.0
gini_index	0.0	40.0	0.34557235421166305	0.0
information_gain	0.0	36.0	0.5269978401727862	0.0
accuracy	0.0	44.0	0.31101511879049676	0.0
gini_index	0.0	43.0	0.31101511879049676	0.0
